-000.017;
-000.017;020.800;022.560;
-000.017;020.842;022.518;
-000.016;020.860;022.500;
-000.016;020.876;022.484;
-000.016;020.892;022.468;
-000.016;020.910;022.450;
-000.016;020.926;022.434;
-000.016;020.942;022.418;
-000.015;020.958;022.402;
-000.015;020.972;022.388;
-000.015;020.988;022.372;
-000.015;021.004;022.356;
-000.015;021.020;022.340;
-000.015;021.036;022.324;
-000.015;021.052;022.308;
-000.015;021.066;022.294;
-000.015;021.082;022.278;
-000.014;021.096;022.264;
-000.014;021.110;022.250;
-000.014;021.124;022.236;
-000.014;021.140;022.220;
-000.013;021.152;022.208;
-000.013;021.166;022.194;
-000.013;021.180;022.180;
-000.012;021.192;022.168;
-000.012;021.204;022.156;
-000.011;021.216;022.144;
-000.011;021.228;022.132;
-000.011;021.238;022.122;
-000.010;021.248;022.112;
-000.010;021.258;022.102;
-000.009;021.268;022.092;
-000.008;021.274;022.086;
-000.007;021.282;022.078;
-000.007;021.290;022.070;
-000.006;021.296;022.064;
-000.005;021.300;022.060;
-000.004;021.304;022.056;
-000.003;021.306;022.054;
-000.002;021.308;022.052;
-000.001;021.310;022.050;
000.000;021.308;022.052;
000.001;021.306;022.054;
000.002;021.302;022.058;
000.004;021.298;022.062;
000.006;021.292;022.068;
000.007;021.282;022.078;
000.008;021.272;022.088;
000.009;021.262;022.098;
000.009;021.252;022.108;
000.009;021.242;022.118;
000.009;021.232;022.128;
000.009;021.222;022.138;
000.009;021.212;022.148;
000.009;021.204;022.156;
000.009;021.194;022.166;
000.009;021.184;022.176;
000.009;021.174;022.186;
000.009;021.166;022.194;
000.009;021.156;022.204;
000.009;021.146;022.214;
000.008;021.138;022.222;
000.008;021.130;022.230;
000.008;021.120;022.240;
000.008;021.112;022.248;
000.008;021.104;022.256;
000.008;021.096;022.264;
000.008;021.086;022.274;
000.009;021.078;022.282;
000.009;021.068;022.292;
000.009;021.058;022.302;
000.009;021.050;022.310;
000.009;021.040;022.320;
000.009;021.030;022.330;
000.009;021.020;022.340;
000.009;021.012;022.348;
000.009;021.002;022.358;
000.009;020.992;022.368;
000.008;020.984;022.376;
000.009;020.974;022.386;
000.008;020.966;022.394;
000.008;020.958;022.402;
000.008;020.950;022.410;
000.008;020.940;022.420;
000.008;020.932;022.428;
000.008;020.924;022.436;
000.007;020.916;022.444;
000.007;020.910;022.450;
000.007;020.902;022.458;
000.007;020.894;022.466;
000.007;020.886;022.474;
000.008;020.878;022.482;
000.008;020.870;022.490;
000.008;020.862;022.498;
000.008;020.852;022.508;
000.008;020.844;022.516;
000.009;020.834;022.526;
000.009;020.824;022.536;
000.010;020.814;022.546;
000.010;020.804;022.556;
000.010;020.794;022.566;
000.011;020.784;022.576;
000.011;020.772;022.588;
000.011;020.760;022.600;
000.011;020.748;022.612;
000.011;020.736;022.624;
000.011;020.724;022.636;
000.011;020.714;022.646;
000.011;020.702;022.658;
000.011;020.690;022.670;
000.011;020.680;022.680;
000.010;020.668;022.692;
000.010;020.658;022.702;
000.009;020.648;022.712;
000.009;020.640;022.720;
000.008;020.632;022.728;
000.008;020.624;022.736;
000.007;020.616;022.744;
000.007;020.610;022.750;
000.006;020.602;022.758;
000.005;020.598;022.762;
000.005;020.592;022.768;
000.004;020.588;022.772;
000.004;020.584;022.776;
000.003;020.580;022.780;
000.003;020.578;022.782;
000.003;020.574;022.786;
000.002;020.572;022.788;
000.002;020.570;022.790;
000.001;020.568;022.792;
000.001;020.566;022.794;
000.000;020.566;022.794;
-000.000;020.566;022.794;
-000.000;020.568;022.792;
-000.001;020.570;022.790;
-000.002;020.572;022.788;
-000.003;020.576;022.784;
-000.004;020.580;022.780;
-000.005;020.586;022.774;
-000.006;020.594;022.766;
-000.007;020.602;022.758;
-000.008;020.612;022.748;
-000.010;020.622;022.738;
-000.011;020.634;022.726;
-000.012;020.648;022.712;
-000.014;020.662;022.698;
-000.015;020.678;022.682;
-000.016;020.696;022.664;
-000.018;020.714;022.646;
-000.019;020.734;022.626;
-000.020;020.756;022.604;
-000.022;020.780;022.580;
-000.022;020.802;022.558;
-000.023;020.826;022.534;
-000.024;020.850;022.510;
-000.024;020.876;022.484;
-000.024;020.900;022.460;
-000.024;020.924;022.436;
-000.024;020.950;022.410;
-000.025;020.974;022.386;
-000.024;021.000;022.360;
-000.024;021.024;022.336;
-000.024;021.048;022.312;
-000.024;021.074;022.286;
-000.023;021.098;022.262;
-000.023;021.120;022.240;
-000.022;021.142;022.218;
-000.022;021.164;022.196;
-000.022;021.186;022.174;
-000.021;021.208;022.152;
-000.021;021.228;022.132;
-000.021;021.250;022.110;
-000.020;021.270;022.090;
-000.020;021.290;022.070;
-000.020;021.310;022.050;
-000.020;021.332;022.028;
-000.019;021.350;022.010;
-000.019;021.370;021.990;
-000.018;021.388;021.972;
-000.017;021.406;021.954;
-000.016;021.422;021.938;
-000.015;021.436;021.924;
-000.014;021.452;021.908;
-000.012;021.464;021.896;
-000.011;021.474;021.886;
-000.009;021.484;021.876;
-000.007;021.490;021.870;
-000.005;021.494;021.866;
-000.003;021.496;021.864;
-000.001;021.496;021.864;
000.001;021.494;021.866;
000.004;021.488;021.872;
000.006;021.480;021.880;
000.009;021.470;021.890;
000.011;021.456;021.904;
000.011;021.442;021.918;
000.011;021.430;021.930;
000.011;021.418;021.942;
000.011;021.406;021.954;
000.011;021.394;021.966;
000.011;021.384;021.976;
000.011;021.372;021.988;
000.010;021.362;021.998;
000.010;021.352;022.008;
000.010;021.340;022.020;
000.011;021.330;022.030;
000.010;021.318;022.042;
000.010;021.308;022.052;
000.009;021.298;022.062;
000.009;021.290;022.070;
000.009;021.280;022.080;
000.009;021.272;022.088;
000.009;021.262;022.098;
000.009;021.254;022.106;
000.009;021.244;022.116;
000.010;021.234;022.126;
000.010;021.222;022.138;
000.010;021.212;022.148;
000.010;021.202;022.158;
000.010;021.192;022.168;
000.009;021.182;022.178;
000.009;021.172;022.188;
000.009;021.164;022.196;
000.008;021.156;022.204;
000.008;021.146;022.214;
000.008;021.138;022.222;
000.007;021.130;022.230;
000.007;021.124;022.236;
000.007;021.116;022.244;
000.006;021.110;022.250;
000.006;021.104;022.256;
000.006;021.098;022.262;
000.005;021.092;022.268;
000.005;021.086;022.274;
000.005;021.082;022.278;
000.005;021.076;022.284;
000.004;021.072;022.288;
000.004;021.068;022.292;
000.004;021.062;022.298;
000.004;021.058;022.302;
000.005;021.052;022.308;
000.005;021.048;022.312;
000.006;021.040;022.320;
000.006;021.034;022.326;
000.007;021.026;022.334;
000.008;021.018;022.342;
000.008;021.008;022.352;
000.009;020.998;022.362;
000.010;020.988;022.372;
000.011;020.974;022.386;
000.012;020.962;022.398;
000.013;020.948;022.412;
000.013;020.934;022.426;
000.013;020.920;022.440;
000.013;020.908;022.452;
000.012;020.894;022.466;
000.012;020.882;022.478;
000.012;020.870;022.490;
000.011;020.858;022.502;
000.011;020.848;022.512;
000.010;020.836;022.524;
000.010;020.826;022.534;
000.010;020.816;022.544;
000.009;020.808;022.552;
000.009;020.800;022.560;
000.009;020.792;022.568;
000.008;020.782;022.578;
000.008;020.774;022.586;
000.008;020.766;022.594;
000.008;020.758;022.602;
000.008;020.750;022.610;
000.008;020.742;022.618;
000.008;020.734;022.626;
000.008;020.726;022.634;
000.008;020.718;022.642;
000.008;020.710;022.650;
000.008;020.702;022.658;
000.008;020.694;022.666;
000.008;020.686;022.674;
000.008;020.676;022.684;
000.008;020.668;022.692;
000.008;020.660;022.700;
000.008;020.650;022.710;
000.008;020.642;022.718;
000.008;020.634;022.726;
000.007;020.626;022.734;
000.007;020.620;022.740;
000.007;020.612;022.748;
000.006;020.606;022.754;
000.005;020.600;022.760;
000.005;020.596;022.764;
000.004;020.592;022.768;
000.002;020.588;022.772;
000.001;020.588;022.772;
000.000;020.588;022.772;
-000.000;020.588;022.772;
-000.000;020.590;022.770;
-000.001;020.592;022.768;
-000.002;020.596;022.764;
-000.003;020.600;022.760;
-000.004;020.604;022.756;
-000.005;020.610;022.750;
-000.006;020.616;022.744;
-000.006;020.624;022.736;
-000.007;020.632;022.728;
-000.007;020.640;022.720;
-000.008;020.650;022.710;
-000.009;020.658;022.702;
-000.010;020.670;022.690;
-000.010;020.680;022.680;
-000.011;020.692;022.668;
-000.011;020.704;022.656;
-000.012;020.716;022.644;
-000.013;020.730;022.630;
-000.014;020.744;022.616;
-000.015;020.760;022.600;
-000.016;020.778;022.582;
-000.017;020.794;022.566;
-000.018;020.812;022.548;
-000.019;020.832;022.528;
-000.020;020.854;022.506;
-000.021;020.876;022.484;
-000.022;020.898;022.462;
-000.022;020.922;022.438;
-000.022;020.944;022.416;
-000.022;020.968;022.392;
-000.021;020.988;022.372;
-000.020;021.010;022.350;
-000.019;021.030;022.330;
-000.019;021.048;022.312;
-000.018;021.066;022.294;
-000.018;021.084;022.276;
-000.018;021.102;022.258;
-000.017;021.120;022.240;
-000.016;021.138;022.222;
-000.015;021.152;022.208;
-000.014;021.166;022.194;
-000.013;021.178;022.182;
-000.013;021.190;022.170;
-000.012;021.202;022.158;
-000.010;021.214;022.146;
-000.010;021.222;022.138;
-000.009;021.232;022.128;
-000.009;021.240;022.120;
-000.008;021.250;022.110;
-000.007;021.256;022.104;
-000.006;021.260;022.100;
-000.005;021.266;022.094;
-000.003;021.270;022.090;
-000.002;021.270;022.090;
-000.001;021.272;022.088;
000.000;021.272;022.088;
000.001;021.270;022.090;
000.002;021.264;022.096;
000.004;021.260;022.100;
000.005;021.254;022.106;
000.007;021.246;022.114;
000.010;021.236;022.124;
000.012;021.222;022.138;
000.014;021.204;022.156;
000.015;021.188;022.172;
000.015;021.172;022.188;
000.014;021.156;022.204;
000.014;021.144;022.216;
000.013;021.130;022.230;
000.013;021.116;022.244;
000.012;021.104;022.256;
000.012;021.092;022.268;
000.012;021.080;022.280;
000.012;021.068;022.292;
000.011;021.054;022.306;
000.011;021.044;022.316;
000.011;021.032;022.328;
000.011;021.022;022.338;
000.011;021.010;022.350;
000.011;021.000;022.360;
000.010;020.988;022.372;
000.011;020.978;022.382;
000.011;020.966;022.394;
000.011;020.956;022.404;
000.011;020.944;022.416;
000.011;020.932;022.428;
000.011;020.920;022.440;
000.012;020.908;022.452;
000.012;020.896;022.464;
000.012;020.884;022.476;
000.012;020.872;022.488;
000.012;020.860;022.500;
000.012;020.846;022.514;
000.012;020.834;022.526;
000.012;020.822;022.538;
000.012;020.810;022.550;
000.011;020.800;022.560;
000.011;020.788;022.572;
000.011;020.778;022.582;
000.011;020.766;022.594;
000.010;020.756;022.604;
000.010;020.746;022.614;
000.009;020.736;022.624;
000.009;020.728;022.632;
000.009;020.718;022.642;
000.008;020.708;022.652;
000.008;020.700;022.660;
000.008;020.692;022.668;
000.008;020.684;022.676;
000.007;020.678;022.682;
000.007;020.670;022.690;
000.007;020.662;022.698;
000.007;020.656;022.704;
000.007;020.648;022.712;
000.007;020.642;022.718;
000.007;020.634;022.726;
000.007;020.628;022.732;
000.007;020.620;022.740;
000.007;020.614;022.746;
000.007;020.606;022.754;
000.007;020.600;022.760;
000.006;020.592;022.768;
000.006;020.586;022.774;
000.005;020.580;022.780;
000.005;020.576;022.784;
000.004;020.572;022.788;
000.003;020.568;022.792;
000.003;020.564;022.796;
000.002;020.562;022.798;
000.001;020.560;022.800;
000.001;020.560;022.800;
-000.000;020.560;022.800;
-000.001;020.562;022.798;
-000.002;020.564;022.796;
-000.003;020.568;022.792;
-000.003;020.572;022.788;
-000.004;020.578;022.782;
-000.005;020.584;022.776;
-000.007;020.592;022.768;
-000.008;020.602;022.758;
-000.009;020.612;022.748;
-000.010;020.622;022.738;
-000.011;020.634;022.726;
-000.012;020.648;022.712;
-000.013;020.662;022.698;
-000.014;020.678;022.682;
-000.016;020.694;022.666;
-000.017;020.712;022.648;
-000.018;020.730;022.630;
-000.019;020.750;022.610;
-000.020;020.772;022.588;
-000.021;020.794;022.566;
-000.022;020.814;022.546;
-000.023;020.838;022.522;
-000.024;020.864;022.496;
-000.025;020.890;022.470;
-000.025;020.916;022.444;
-000.025;020.942;022.418;
-000.024;020.966;022.394;
-000.024;020.990;022.370;
-000.023;021.014;022.346;
-000.023;021.038;022.322;
-000.022;021.060;022.300;
-000.022;021.082;022.278;
-000.022;021.104;022.256;
-000.022;021.128;022.232;
-000.022;021.150;022.210;
-000.022;021.172;022.188;
-000.021;021.194;022.166;
-000.020;021.214;022.146;
-000.020;021.234;022.126;
-000.019;021.252;022.108;
-000.018;021.272;022.088;
-000.017;021.288;022.072;
-000.016;021.304;022.056;
-000.015;021.318;022.042;
-000.014;021.332;022.028;
-000.013;021.344;022.016;
-000.011;021.356;022.004;
-000.010;021.366;021.994;
-000.008;021.374;021.986;
-000.007;021.380;021.980;
-000.006;021.386;021.974;
-000.004;021.390;021.970;
-000.002;021.392;021.968;
-000.000;021.392;021.968;
000.001;021.388;021.972;
000.003;021.384;021.976;
000.006;021.376;021.984;
000.009;021.366;021.994;
000.011;021.354;022.006;
000.013;021.338;022.022;
000.014;021.320;022.040;
000.014;021.304;022.056;
000.014;021.290;022.070;
000.014;021.276;022.084;
000.013;021.262;022.098;
000.013;021.248;022.112;
000.013;021.236;022.124;
000.013;021.222;022.138;
000.013;021.210;022.150;
000.012;021.198;022.162;
000.012;021.186;022.174;
000.012;021.172;022.188;
000.012;021.160;022.200;
000.011;021.150;022.210;
000.011;021.138;022.222;
000.010;021.128;022.232;
000.010;021.116;022.244;
000.010;021.106;022.254;
000.011;021.094;022.266;
000.011;021.084;022.276;
000.011;021.072;022.288;
000.011;021.060;022.300;
000.011;021.048;022.312;
000.011;021.036;022.324;
000.011;021.024;022.336;
000.011;021.012;022.348;
000.011;021.000;022.360;
000.011;020.990;022.370;
000.011;020.978;022.382;
000.010;020.968;022.392;
000.010;020.958;022.402;
000.010;020.948;022.412;
000.009;020.938;022.422;
000.009;020.928;022.432;
000.008;020.920;022.440;
000.008;020.914;022.446;
000.007;020.906;022.454;
000.007;020.898;022.462;
000.006;020.892;022.468;
000.005;020.886;022.474;
000.005;020.882;022.478;
000.005;020.876;022.484;
000.005;020.870;022.490;
000.004;020.866;022.494;
000.004;020.862;022.498;
000.004;020.858;022.502;
000.004;020.852;022.508;
000.004;020.848;022.512;
000.005;020.842;022.518;
000.005;020.838;022.522;
000.005;020.832;022.528;
000.005;020.826;022.534;
000.005;020.820;022.540;
000.006;020.814;022.546;
000.006;020.808;022.552;
000.007;020.800;022.560;
000.007;020.794;022.566;
000.007;020.786;022.574;
000.008;020.778;022.582;
000.008;020.770;022.590;
000.008;020.760;022.600;
000.008;020.752;022.608;
000.008;020.744;022.616;
000.008;020.734;022.626;
000.008;020.726;022.634;
000.008;020.718;022.642;
000.008;020.708;022.652;
000.008;020.700;022.660;
000.007;020.694;022.666;
000.007;020.686;022.674;
000.006;020.680;022.680;
000.006;020.674;022.686;
000.005;020.668;022.692;
000.004;020.664;022.696;
000.004;020.660;022.700;
000.004;020.656;022.704;
000.004;020.652;022.708;
000.004;020.648;022.712;
000.004;020.644;022.716;
000.004;020.640;022.720;
000.004;020.636;022.724;
000.004;020.632;022.728;
000.004;020.628;022.732;
000.004;020.624;022.736;
000.003;020.620;022.740;
000.003;020.616;022.744;
000.003;020.612;022.748;
000.003;020.610;022.750;
000.003;020.606;022.754;
000.002;020.604;022.756;
000.002;020.600;022.760;
000.002;020.598;022.762;
000.001;020.596;022.764;
000.001;020.596;022.764;
000.000;020.596;022.764;
-000.000;020.596;022.764;
-000.001;020.598;022.762;
-000.002;020.600;022.760;
-000.002;020.604;022.756;
-000.003;020.608;022.752;
-000.005;020.614;022.746;
-000.006;020.620;022.740;
-000.007;020.630;022.730;
-000.009;020.640;022.720;
-000.010;020.650;022.710;
-000.011;020.662;022.698;
-000.012;020.674;022.686;
-000.013;020.688;022.672;
-000.014;020.704;022.656;
-000.015;020.720;022.640;
-000.016;020.738;022.622;
-000.017;020.756;022.604;
-000.018;020.774;022.586;
-000.019;020.794;022.566;
-000.019;020.812;022.548;
-000.020;020.832;022.528;
-000.021;020.854;022.506;
-000.022;020.876;022.484;
-000.022;020.900;022.460;
-000.023;020.924;022.436;
-000.023;020.948;022.412;
-000.023;020.972;022.388;
-000.024;020.996;022.364;
-000.023;021.020;022.340;
-000.024;021.044;022.316;
-000.024;021.070;022.290;
-000.024;021.094;022.266;
-000.024;021.118;022.242;
-000.023;021.142;022.218;
-000.022;021.164;022.196;
-000.022;021.186;022.174;
-000.021;021.206;022.154;
-000.021;021.228;022.132;
-000.021;021.250;022.110;
-000.020;021.270;022.090;
-000.018;021.288;022.072;
-000.018;021.306;022.054;
-000.018;021.324;022.036;
-000.016;021.340;022.020;
-000.015;021.356;022.004;
-000.015;021.370;021.990;
-000.013;021.384;021.976;
-000.011;021.394;021.966;
-000.010;021.404;021.956;
-000.009;021.414;021.946;
-000.008;021.422;021.938;
-000.006;021.428;021.932;
-000.005;021.432;021.928;
-000.002;021.434;021.926;
-000.000;021.434;021.926;
000.001;021.432;021.928;
000.004;021.426;021.934;
000.006;021.418;021.942;
000.009;021.408;021.952;
000.011;021.396;021.964;
000.013;021.380;021.980;
000.013;021.362;021.998;
000.013;021.348;022.012;
000.013;021.336;022.024;
000.013;021.322;022.038;
000.012;021.310;022.050;
000.012;021.298;022.062;
000.012;021.284;022.076;
000.012;021.272;022.088;
000.012;021.260;022.100;
000.012;021.248;022.112;
000.012;021.234;022.126;
000.012;021.222;022.138;
000.011;021.210;022.150;
000.011;021.200;022.160;
000.010;021.188;022.172;
000.010;021.178;022.182;
000.010;021.168;022.192;
000.010;021.158;022.202;
000.010;021.146;022.214;
000.011;021.136;022.224;
000.011;021.124;022.236;
000.011;021.112;022.248;
000.011;021.100;022.260;
000.011;021.088;022.272;
000.011;021.076;022.284;
000.011;021.064;022.296;
000.011;021.052;022.308;
000.010;021.042;022.318;
000.010;021.032;022.328;
000.010;021.022;022.338;
000.009;021.012;022.348;
000.009;021.002;022.358;
000.008;020.994;022.366;
000.008;020.986;022.374;
000.007;020.978;022.382;
000.007;020.970;022.390;
000.007;020.964;022.396;
000.006;020.958;022.402;
000.006;020.952;022.408;
000.005;020.946;022.414;
000.005;020.942;022.418;
000.005;020.938;022.422;
000.004;020.932;022.428;
000.004;020.928;022.432;
000.004;020.924;022.436;
000.004;020.920;022.440;
000.004;020.914;022.446;
000.004;020.910;022.450;
000.005;020.904;022.456;
000.005;020.898;022.462;
000.006;020.892;022.468;
000.006;020.886;022.474;
000.007;020.878;022.482;
000.007;020.870;022.490;
000.008;020.862;022.498;
000.008;020.854;022.506;
000.008;020.844;022.516;
000.009;020.834;022.526;
000.009;020.824;022.536;
000.010;020.814;022.546;
000.010;020.804;022.556;
000.010;020.794;022.566;
000.010;020.784;022.576;
000.010;020.774;022.586;
000.010;020.762;022.598;
000.010;020.752;022.608;
000.010;020.742;022.618;
000.010;020.730;022.630;
000.010;020.720;022.640;
000.010;020.710;022.650;
000.010;020.700;022.660;
000.010;020.690;022.670;
000.010;020.680;022.680;
000.009;020.670;022.690;
000.010;020.660;022.700;
000.010;020.650;022.710;
000.010;020.640;022.720;
000.010;020.630;022.730;
000.010;020.620;022.740;
000.010;020.608;022.752;
000.010;020.598;022.762;
000.010;020.588;022.772;
000.010;020.578;022.782;
000.010;020.568;022.792;
000.010;020.558;022.802;
000.009;020.548;022.812;
000.009;020.538;022.822;
000.009;020.528;022.832;
000.009;020.520;022.840;
000.009;020.510;022.850;
000.008;020.502;022.858;
000.007;020.494;022.866;
000.007;020.488;022.872;
000.006;020.480;022.880;
000.005;020.476;022.884;
000.004;020.472;022.888;
000.003;020.468;022.892;
000.002;020.466;022.894;
000.001;020.466;022.894;
000.000;020.466;022.894;
-000.000;020.468;022.892;
-000.001;020.470;022.890;
-000.003;020.474;022.886;
-000.004;020.480;022.880;
-000.005;020.486;022.874;
-000.007;020.494;022.866;
-000.008;020.502;022.858;
-000.010;020.514;022.846;
-000.011;020.528;022.832;
-000.012;020.540;022.820;
-000.013;020.556;022.804;
-000.015;020.570;022.790;
-000.016;020.588;022.772;
-000.017;020.606;022.754;
-000.018;020.626;022.734;
-000.020;020.646;022.714;
-000.022;020.670;022.690;
-000.024;020.694;022.666;
-000.025;020.722;022.638;
-000.026;020.750;022.610;
-000.026;020.778;022.582;
-000.026;020.802;022.558;
-000.026;020.830;022.530;
-000.026;020.856;022.504;
-000.025;020.882;022.478;
-000.025;020.906;022.454;
-000.025;020.932;022.428;
-000.024;020.956;022.404;
-000.024;020.980;022.380;
-000.024;021.004;022.356;
-000.024;021.028;022.332;
-000.023;021.052;022.308;
-000.023;021.076;022.284;
-000.022;021.098;022.262;
-000.022;021.120;022.240;
-000.021;021.140;022.220;
-000.021;021.162;022.198;
-000.021;021.182;022.178;
-000.020;021.204;022.156;
-000.020;021.224;022.136;
-000.019;021.244;022.116;
-000.018;021.260;022.100;
-000.017;021.278;022.082;
-000.016;021.292;022.068;
-000.015;021.308;022.052;
-000.013;021.320;022.040;
-000.011;021.332;022.028;
-000.010;021.340;022.020;
-000.009;021.350;022.010;
-000.007;021.356;022.004;
-000.005;021.360;022.000;
-000.003;021.364;021.996;
-000.001;021.364;021.996;
-000.000;021.364;021.996;
000.002;021.362;021.998;
000.004;021.356;022.004;
000.006;021.348;022.012;
000.009;021.336;022.024;
000.011;021.324;022.036;
000.013;021.308;022.052;
000.013;021.292;022.068;
000.013;021.278;022.082;
000.013;021.264;022.096;
000.013;021.252;022.108;
000.013;021.238;022.122;
000.013;021.224;022.136;
000.013;021.212;022.148;
000.013;021.198;022.162;
000.012;021.186;022.174;
000.012;021.174;022.186;
000.011;021.162;022.198;
000.011;021.150;022.210;
000.010;021.140;022.220;
000.009;021.132;022.228;
000.009;021.122;022.238;
000.009;021.114;022.246;
000.009;021.104;022.256;
000.009;021.096;022.264;
000.009;020.926;022.114;
000.009;020.918;022.122;
000.009;020.908;022.132;
000.009;020.898;022.142;
000.009;020.888;022.152;
000.009;020.878;022.162;
000.009;020.868;022.172;
000.009;020.858;022.182;
000.009;020.848;022.192;
000.009;020.838;022.202;
000.009;020.830;022.210;
000.009;020.820;022.220;
000.008;020.812;022.228;
000.008;020.804;022.236;
000.008;020.794;022.246;
000.007;020.786;022.254;
000.007;020.780;022.260;
000.006;020.774;022.266;
000.006;020.768;022.272;
000.005;020.762;022.278;
000.005;020.758;022.282;
000.005;020.754;022.286;
000.004;020.748;022.292;
000.004;020.744;022.296;
000.004;020.740;022.300;
000.003;020.736;022.304;
000.003;020.734;022.306;
000.003;020.730;022.310;
000.004;020.726;022.314;
000.004;020.720;022.320;
000.004;020.716;022.324;
000.004;020.712;022.328;
000.005;020.706;022.334;
000.005;020.700;022.340;
000.005;020.694;022.346;
000.006;020.688;022.352;
000.006;020.680;022.360;
000.007;020.674;022.366;
000.007;020.666;022.374;
000.007;020.658;022.382;
000.008;020.650;022.390;
000.008;020.640;022.400;
000.008;020.634;022.406;
000.008;020.624;022.416;
000.009;020.616;022.424;
000.008;020.606;022.434;
000.008;020.598;022.442;
000.008;020.588;022.452;
000.008;020.580;022.460;
000.008;020.572;022.468;
000.007;020.564;022.476;
000.007;020.558;022.482;
000.007;020.550;022.490;
000.007;020.544;022.496;
000.006;020.536;022.504;
000.006;020.530;022.510;
000.006;020.524;022.516;
000.006;020.518;022.522;
000.005;020.512;022.528;
000.005;020.508;022.532;
000.005;020.502;022.538;
000.005;020.496;022.544;
000.005;020.490;022.550;
000.005;020.484;022.556;
000.005;020.478;022.562;
000.006;020.472;022.568;
000.006;020.466;022.574;
000.006;020.300;022.420;
000.006;020.294;022.426;
000.006;020.288;022.432;
000.005;020.282;022.438;
000.005;020.276;022.444;
000.005;020.270;022.450;
000.004;020.266;022.454;
000.004;020.262;022.458;
000.003;020.260;022.460;
000.002;020.256;022.464;
000.001;020.254;022.466;
000.001;020.254;022.466;
000.000;020.254;022.466;
-000.000;020.256;022.464;
-000.002;020.258;022.462;
-000.003;020.262;022.458;
-000.004;020.268;022.452;
-000.005;020.272;022.448;
-000.006;020.280;022.440;
-000.007;020.288;022.432;
-000.008;020.296;022.424;
-000.009;020.306;022.414;
-000.009;020.316;022.404;
-000.010;020.328;022.392;
-000.011;020.338;022.382;
-000.011;020.352;022.368;
-000.012;020.364;022.356;
-000.013;020.378;022.342;
-000.014;020.392;022.328;
-000.015;020.408;022.312;
-000.015;020.424;022.296;
-000.016;020.442;022.278;
-000.017;020.460;022.260;
-000.018;020.478;022.242;
-000.019;020.496;022.224;
-000.020;020.518;022.202;
-000.021;020.540;022.180;
-000.022;020.562;022.158;
-000.023;020.586;022.134;
-000.024;020.610;022.110;
-000.024;020.636;022.084;
-000.024;020.662;022.058;
-000.024;020.686;022.034;
-000.024;020.712;022.008;
-000.024;020.736;021.984;
-000.024;020.760;021.960;
-000.023;020.784;021.936;
-000.023;020.808;021.912;
-000.022;020.830;021.890;
-000.022;020.852;021.868;
-000.021;020.872;021.848;
-000.020;020.894;021.826;
-000.020;020.914;021.806;
-000.019;020.932;021.788;
-000.018;020.950;021.770;
-000.017;020.966;021.754;
-000.016;020.982;021.738;
-000.015;020.998;021.722;
-000.014;021.010;021.710;
-000.013;021.024;021.696;
-000.012;021.036;021.684;
-000.012;021.048;021.672;
-000.011;021.058;021.662;
-000.010;021.068;021.652;
-000.008;021.076;021.644;
-000.007;021.084;021.636;
-000.005;021.088;021.632;
-000.003;021.090;021.630;
-000.001;021.090;021.630;
-000.000;021.090;021.630;
000.001;021.086;021.634;
000.003;021.082;021.638;
000.006;021.076;021.644;
000.008;021.066;021.654;
000.011;021.054;021.666;
000.013;021.038;021.682;
000.015;021.022;021.698;
000.015;021.004;021.716;
000.015;020.988;021.732;
000.014;020.974;021.746;
000.014;020.958;021.762;
000.014;020.944;021.776;
000.013;020.932;021.788;
000.013;020.918;021.802;
000.013;020.906;021.814;
000.013;020.892;021.828;
000.012;020.878;021.842;
000.011;020.868;021.852;
000.011;020.856;021.864;
000.011;020.846;021.874;
000.011;020.834;021.886;
000.010;020.824;021.896;
000.010;020.814;021.906;
000.010;020.804;021.916;
000.010;020.792;021.928;
000.010;020.782;021.938;
000.011;020.770;021.950;
000.011;020.758;021.962;
000.011;020.748;021.972;
000.011;020.736;021.984;
000.011;020.724;021.996;
000.011;020.712;022.008;
000.011;020.700;022.020;
000.011;020.688;022.032;
000.011;020.676;022.044;
000.011;020.666;022.054;
000.011;020.494;021.906;
000.011;020.482;021.918;
000.011;020.472;021.928;
000.010;020.460;021.940;
000.010;020.450;021.950;
000.010;020.440;021.960;
000.010;020.430;021.970;
000.009;020.420;021.980;
000.009;020.412;021.988;
000.009;020.402;021.998;
000.009;020.394;022.006;
000.008;020.386;022.014;
000.008;020.376;022.024;
000.008;020.368;022.032;
000.008;020.360;022.040;
000.008;020.350;022.050;
000.009;020.340;022.060;
000.009;020.332;022.068;
000.009;020.322;022.078;
000.010;020.314;022.086;
000.010;020.302;022.098;
000.010;020.292;022.108;
000.011;020.280;022.120;
000.011;020.270;022.130;
000.011;020.258;022.142;
000.012;020.244;022.156;
000.012;020.232;022.168;
000.012;020.220;022.180;
000.012;020.208;022.192;
000.012;020.194;022.206;
000.012;020.182;022.218;
000.012;020.170;022.230;
000.011;020.158;022.242;
000.011;020.146;022.254;
000.011;020.136;022.264;
000.010;020.126;022.274;
000.010;020.116;022.284;
000.009;020.106;022.294;
000.009;020.096;022.304;
000.008;020.088;022.312;
000.008;020.080;022.320;
000.007;020.074;022.326;
000.006;020.068;022.332;
000.006;020.062;022.338;
000.005;020.056;022.344;
000.005;020.050;022.350;
000.004;020.046;022.354;
000.004;020.042;022.358;
000.003;020.040;022.360;
000.003;020.036;022.364;
000.002;020.034;022.366;
000.002;020.032;022.368;
000.001;020.030;022.370;
000.001;020.030;022.370;
000.000;020.030;022.370;
-000.000;020.030;022.370;
-000.000;020.030;022.370;
-000.001;020.032;022.368;
-000.002;020.036;022.364;
-000.003;020.040;022.360;
-000.004;020.044;022.356;
-000.005;020.050;022.350;
-000.006;020.058;022.342;
-000.007;020.066;022.334;
-000.009;020.076;022.324;
-000.010;020.086;022.314;
-000.012;020.100;022.300;
-000.013;019.954;022.126;
-000.015;019.970;022.110;
-000.016;019.988;022.092;
-000.018;020.006;022.074;
-000.020;020.028;022.052;
-000.022;020.052;022.028;
-000.023;020.076;022.004;
-000.024;020.102;021.978;
-000.024;020.128;021.952;
-000.025;020.154;021.926;
-000.025;020.176;021.904;
-000.025;020.202;021.878;
-000.025;020.228;021.852;
-000.025;020.252;021.828;
-000.024;020.276;021.804;
-000.024;020.302;021.778;
-000.024;020.326;021.754;
-000.024;020.350;021.730;
-000.023;020.374;021.706;
-000.023;020.396;021.684;
-000.023;020.420;021.660;
-000.023;020.442;021.638;
-000.022;020.466;021.614;
-000.022;020.488;021.592;
-000.022;020.510;021.570;
-000.022;020.534;021.546;
-000.022;020.556;021.524;
-000.022;020.578;021.502;
-000.022;020.600;021.480;
-000.021;020.622;021.458;
-000.021;020.642;021.438;
-000.021;020.664;021.416;
-000.021;020.686;021.394;
-000.020;020.706;021.374;
-000.020;020.726;021.354;
-000.019;020.746;021.334;
-000.018;020.764;021.316;
-000.017;020.782;021.298;
-000.016;020.798;021.282;
-000.015;020.814;021.266;
-000.014;020.828;021.252;
-000.013;020.840;021.240;
-000.011;020.852;021.228;
-000.010;020.862;021.218;
-000.008;020.870;021.210;
-000.007;020.876;021.204;
-000.005;020.880;021.200;
-000.003;020.884;021.196;
-000.002;020.886;021.194;
-000.000;020.884;021.196;
000.001;020.882;021.198;
000.003;020.878;021.202;
000.005;020.872;021.208;
000.007;020.864;021.216;
000.010;020.854;021.226;
000.012;020.840;021.240;
000.013;020.824;021.256;
000.014;020.808;021.272;
000.014;020.792;021.288;
000.014;020.778;021.302;
000.014;020.764;021.316;
000.013;020.750;021.330;
000.013;020.738;021.342;
000.013;020.724;021.356;
000.013;020.710;021.370;
000.012;020.696;021.384;
000.011;020.686;021.394;
000.010;020.676;021.404;
000.009;020.666;021.414;
000.008;020.658;021.422;
000.008;020.650;021.430;
000.008;020.642;021.438;
000.008;020.634;021.446;
000.008;020.626;021.454;
000.008;020.618;021.462;
000.008;020.610;021.470;
000.008;020.602;021.478;
000.009;020.592;021.488;
000.009;020.584;021.496;
000.009;020.574;021.506;
000.009;020.564;021.516;
000.010;020.552;021.528;
000.010;020.542;021.538;
000.010;020.532;021.548;
000.010;020.522;021.558;
000.010;020.512;021.568;
000.009;020.342;021.418;
000.009;020.332;021.428;
000.009;020.322;021.438;
000.009;020.314;021.446;
000.008;020.306;021.454;
000.008;020.296;021.464;
000.008;020.288;021.472;
000.008;020.280;021.480;
000.007;020.272;021.488;
000.007;020.266;021.494;
000.007;020.258;021.502;
000.007;020.250;021.510;
000.007;020.242;021.518;
000.007;020.236;021.524;
000.008;020.228;021.532;
000.008;020.218;021.542;
000.009;020.210;021.550;
000.009;020.200;021.560;
000.010;020.188;021.572;
000.011;020.176;021.584;
000.012;020.162;021.598;
000.013;020.148;021.612;
000.014;020.132;021.628;
000.014;020.118;021.642;
000.014;020.104;021.656;
000.013;020.090;021.670;
000.013;020.076;021.684;
000.013;020.062;021.698;
000.012;020.050;021.710;
000.012;020.038;021.722;
000.011;020.028;021.732;
000.010;020.016;021.744;
000.010;020.008;021.752;
000.009;020.000;021.760;
000.008;019.992;021.768;
000.008;019.984;021.776;
000.007;019.976;021.784;
000.006;019.970;021.790;
000.006;019.964;021.796;
000.005;019.960;021.800;
000.004;019.956;021.804;
000.004;019.952;021.808;
000.004;019.948;021.812;
000.004;019.944;021.816;
000.004;019.940;021.820;
000.004;019.936;021.824;
000.004;019.932;021.828;
000.004;019.928;021.832;
000.004;019.924;021.836;
000.004;019.920;021.840;
000.004;019.916;021.844;
000.004;019.910;021.850;
000.004;019.906;021.854;
000.004;019.902;021.858;
000.003;019.898;021.862;
000.003;019.896;021.864;
000.003;019.892;021.868;
000.002;019.890;021.870;
000.002;019.888;021.872;
000.001;019.886;021.874;
000.001;019.884;021.876;
000.000;019.884;021.876;
-000.000;019.884;021.876;
-000.000;019.886;021.874;
-000.001;019.888;021.872;
-000.002;019.890;021.870;
-000.003;019.894;021.866;
-000.004;019.898;021.862;
-000.004;019.904;021.856;
-000.005;019.910;021.850;
-000.006;019.918;021.842;
-000.006;019.924;021.836;
-000.007;019.932;021.828;
-000.008;019.940;021.820;
-000.008;019.950;021.810;
-000.009;019.960;021.800;
-000.009;019.968;021.792;
-000.009;019.978;021.782;
-000.010;019.990;021.770;
-000.010;020.000;021.760;
-000.010;020.008;021.752;
-000.011;020.020;021.740;
-000.011;020.032;021.728;
-000.011;020.044;021.716;
-000.012;020.056;021.704;
-000.013;019.910;021.530;
-000.013;019.924;021.516;
-000.014;019.938;021.502;
-000.014;019.954;021.486;
-000.015;019.970;021.470;
-000.016;019.986;021.454;
-000.017;020.004;021.436;
-000.017;020.022;021.418;
-000.018;020.042;021.398;
-000.019;020.062;021.378;
-000.020;020.082;021.358;
-000.021;020.104;021.336;
-000.021;020.128;021.312;
-000.022;020.150;021.290;
-000.023;020.174;021.266;
-000.023;020.198;021.242;
-000.023;020.222;021.218;
-000.023;020.244;021.196;
-000.023;020.268;021.172;
-000.023;020.290;021.150;
-000.022;020.314;021.126;
-000.022;020.336;021.104;
-000.021;020.358;021.082;
-000.021;020.378;021.062;
-000.020;020.398;021.042;
-000.019;020.418;021.022;
-000.019;020.438;021.002;
-000.018;020.456;020.984;
-000.018;020.474;020.966;
-000.017;020.490;020.950;
-000.016;020.506;020.934;
-000.016;020.522;020.918;
-000.015;020.538;020.902;
-000.014;020.552;020.888;
-000.014;020.566;020.874;
-000.013;020.580;020.860;
-000.012;020.592;020.848;
-000.012;020.604;020.836;
-000.011;020.614;020.826;
-000.010;020.626;020.814;
-000.009;020.634;020.806;
-000.008;020.644;020.796;
-000.008;020.650;020.790;
-000.006;020.658;020.782;
-000.005;020.662;020.778;
-000.004;020.666;020.774;
-000.003;020.670;020.770;
-000.001;020.670;020.770;
-000.000;020.670;020.770;
000.001;020.668;020.772;
000.003;020.664;020.776;
000.005;020.656;020.784;
000.007;020.648;020.792;
000.010;020.638;020.802;
000.013;020.622;020.818;
000.014;020.604;020.836;
000.015;020.588;020.852;
000.014;020.572;020.868;
000.014;020.558;020.882;
000.014;020.544;020.896;
000.013;020.530;020.910;
000.013;020.518;020.922;
000.012;020.506;020.934;
000.011;020.494;020.946;
000.011;020.482;020.958;
000.011;020.472;020.968;
000.010;020.462;020.978;
000.010;020.452;020.988;
000.010;020.442;020.998;
000.010;020.432;021.008;
000.010;020.422;021.018;
000.010;020.412;021.028;
000.010;020.400;021.040;
000.010;020.390;021.050;
000.011;020.378;021.062;
000.011;020.366;021.074;
000.012;020.354;021.086;
000.012;020.342;021.098;
000.013;020.328;021.112;
000.013;020.314;021.126;
000.013;020.300;021.140;
000.013;020.288;021.152;
000.012;020.274;021.166;
000.012;020.262;021.178;
000.012;020.250;021.190;
000.012;020.238;021.202;
000.011;020.226;021.214;
000.011;020.216;021.224;
000.010;020.206;021.234;
000.010;020.196;021.244;
000.009;020.186;021.254;
000.009;020.176;021.264;
000.008;020.168;021.272;
000.008;020.160;021.280;
000.007;020.152;021.288;
000.007;020.146;021.294;
000.007;020.138;021.302;
000.006;020.132;021.308;
000.006;020.126;021.314;
000.006;020.120;021.320;
000.006;020.112;021.328;
000.006;020.106;021.334;
000.006;020.098;021.342;
000.007;020.092;021.348;
000.007;020.084;021.356;
000.007;020.076;021.364;
000.008;020.068;021.372;
000.008;020.060;021.380;
000.009;020.050;021.390;
000.009;020.040;021.400;
000.009;020.030;021.410;
000.010;020.020;021.420;
000.010;020.008;021.432;
000.010;019.998;021.442;
000.011;019.986;021.454;
000.011;019.974;021.466;
000.011;019.964;021.476;
000.011;019.952;021.488;
000.011;019.940;021.500;
000.011;019.928;021.512;
000.011;019.916;021.524;
000.011;019.904;021.536;
000.011;019.894;021.546;
000.011;019.882;021.558;
000.011;019.870;021.570;
000.011;019.860;021.580;
000.011;019.848;021.592;
000.011;019.840;021.600;
000.011;019.828;021.612;
000.011;019.816;021.624;
000.011;019.804;021.636;
000.011;019.792;021.648;
000.012;019.780;021.660;
000.012;019.768;021.672;
000.012;019.754;021.686;
000.013;019.742;021.698;
000.013;019.728;021.712;
000.013;019.714;021.726;
000.014;019.700;021.740;
000.014;019.686;021.754;
000.014;019.670;021.770;
000.014;019.656;021.784;
000.014;019.642;021.798;
000.014;019.628;021.812;
000.014;019.612;021.828;
000.014;019.598;021.842;
000.013;019.586;021.854;
000.013;019.572;021.868;
000.012;019.560;021.880;
000.012;019.548;021.892;
000.011;019.536;021.904;
000.011;019.526;021.914;
000.010;019.516;021.924;
000.009;019.506;021.934;
000.008;019.498;021.942;
000.007;019.490;021.950;
000.007;019.484;021.956;
000.006;019.478;021.962;
000.005;019.474;021.966;
000.004;019.468;021.972;
000.003;019.466;021.974;
000.003;019.462;021.978;
000.002;019.462;021.978;
000.001;019.460;021.980;
000.000;019.460;021.980;
-000.000;019.460;021.980;
-000.000;019.462;021.978;
-000.001;019.464;021.976;
-000.002;019.466;021.974;
-000.003;019.472;021.968;
-000.004;019.476;021.964;
-000.005;019.482;021.958;
-000.007;019.490;021.950;
-000.008;019.500;021.940;
-000.009;019.510;021.930;
-000.010;019.520;021.920;
-000.012;019.534;021.906;
-000.013;019.548;021.892;
-000.015;019.564;021.876;
-000.017;019.582;021.858;
-000.019;019.604;021.836;
-000.021;019.628;021.812;
-000.023;019.652;021.788;
-000.024;019.678;021.762;
-000.024;019.704;021.736;
-000.024;019.728;021.712;
-000.024;019.752;021.688;
-000.023;019.776;021.664;
-000.023;019.800;021.640;
-000.023;019.822;021.618;
-000.022;019.844;021.596;
-000.022;019.866;021.574;
-000.022;019.888;021.552;
-000.021;019.908;021.532;
-000.021;019.930;021.510;
-000.020;019.950;021.490;
-000.020;019.970;021.470;
-000.020;019.990;021.450;
-000.019;020.010;021.430;
-000.019;020.030;021.410;
-000.019;020.050;021.390;
-000.020;020.070;021.370;
-000.020;020.090;021.350;
-000.020;020.110;021.330;
-000.020;020.132;021.308;
-000.021;020.152;021.288;
-000.020;020.174;021.266;
-000.020;020.194;021.246;
-000.020;020.216;021.224;
-000.020;020.236;021.204;
-000.020;020.256;021.184;
-000.020;020.276;021.164;
-000.020;020.296;021.144;
-000.020;020.316;021.124;
-000.019;020.336;021.104;
-000.018;020.354;021.086;
-000.018;020.372;021.068;
-000.017;020.390;021.050;
-000.016;020.406;021.034;
-000.016;020.422;021.018;
-000.015;020.438;021.002;
-000.014;020.450;020.990;
-000.013;020.464;020.976;
-000.012;020.474;020.966;
-000.010;020.486;020.954;
-000.010;020.494;020.946;
-000.009;020.504;020.936;
-000.008;020.510;020.930;
-000.007;020.518;020.922;
-000.006;020.522;020.918;
-000.005;020.528;020.912;
-000.004;020.532;020.908;
-000.003;020.534;020.906;
-000.002;020.536;020.904;
-000.001;020.538;020.902;
-000.000;020.538;020.902;
000.000;020.538;020.902;
000.001;020.536;020.904;
000.002;020.532;020.908;
000.003;020.528;020.912;
000.004;020.524;020.916;
000.006;020.518;020.922;
000.007;020.510;020.930;
000.009;020.500;020.940;
000.011;020.488;020.952;
000.013;020.474;020.966;
000.015;020.456;020.984;
000.015;020.438;021.002;
000.015;020.422;021.018;
000.014;020.408;021.032;
000.014;020.394;021.046;
000.013;020.380;021.060;
000.013;020.366;021.074;
000.012;020.354;021.086;
000.012;020.342;021.098;
000.012;020.330;021.110;
000.011;020.318;021.122;
000.011;020.306;021.134;
000.011;020.296;021.144;
000.010;020.286;021.154;
000.010;020.276;021.164;
000.010;020.266;021.174;
000.010;020.256;021.184;
000.009;020.246;021.194;
000.009;020.236;021.204;
000.009;020.226;021.214;
000.009;020.216;021.224;
000.009;020.206;021.234;
000.009;020.198;021.242;
000.009;020.188;021.252;
000.009;020.178;021.262;
000.009;020.168;021.272;
000.009;020.160;021.280;
000.009;020.150;021.290;
000.009;020.140;021.300;
000.009;020.130;021.310;
000.009;020.120;021.320;
000.009;020.112;021.328;
000.009;020.102;021.338;
000.009;020.092;021.348;
000.009;020.082;021.358;
000.009;020.072;021.368;
000.009;020.062;021.378;
000.009;020.054;021.386;
000.009;020.044;021.396;
000.009;020.034;021.406;
000.009;020.024;021.416;
000.010;020.014;021.426;
000.010;020.004;021.436;
000.010;019.994;021.446;
000.010;019.982;021.458;
000.010;019.972;021.468;
000.010;019.960;021.480;
000.011;019.950;021.490;
000.011;019.938;021.502;
000.011;019.926;021.514;
000.012;019.914;021.526;
000.012;019.900;021.540;
000.012;019.888;021.552;
000.013;019.874;021.566;
000.013;019.862;021.578;
000.013;019.848;021.592;
000.013;019.836;021.604;
000.014;019.822;021.618;
000.014;019.806;021.634;
000.014;019.792;021.648;
000.014;019.778;021.662;
000.014;019.764;021.676;
000.014;019.748;021.692;
000.014;019.734;021.706;
000.014;019.720;021.720;
000.014;019.706;021.734;
000.014;019.692;021.748;
000.013;019.678;021.762;
000.013;019.664;021.776;
000.013;019.650;021.790;
000.013;019.638;021.802;
000.012;019.626;021.814;
000.012;019.614;021.826;
000.012;019.600;021.840;
000.012;019.588;021.852;
000.012;019.576;021.864;
000.011;019.564;021.876;
000.011;019.552;021.888;
000.011;019.542;021.898;
000.011;019.530;021.910;
000.010;019.520;021.920;
000.010;019.510;021.930;
000.009;019.500;021.940;
000.009;019.492;021.948;
000.008;019.482;021.958;
000.008;019.474;021.966;
000.007;019.468;021.972;
000.006;019.460;021.980;
000.006;019.454;021.986;
000.005;019.450;021.990;
000.004;019.446;021.994;
000.003;019.442;021.998;
000.002;019.442;021.998;
000.001;019.440;022.000;
000.000;019.440;022.000;
-000.001;019.442;021.998;
-000.002;019.446;021.994;
-000.003;019.450;021.990;
-000.005;019.456;021.984;
-000.006;019.464;021.976;
-000.007;019.472;021.968;
-000.009;019.482;021.958;
-000.010;019.494;021.946;
-000.012;019.506;021.934;
-000.013;019.522;021.918;
-000.015;019.538;021.902;
-000.017;019.556;021.884;
-000.018;019.576;021.864;
-000.020;019.596;021.844;
-000.021;019.620;021.820;
-000.023;019.644;021.796;
-000.025;019.670;021.770;
-000.026;019.698;021.742;
-000.026;019.726;021.714;
-000.026;019.754;021.686;
-000.026;019.780;021.660;
-000.026;019.806;021.634;
-000.026;019.832;021.608;
-000.025;019.856;021.584;
-000.025;019.882;021.558;
-000.025;019.906;021.534;
-000.024;019.930;021.510;
-000.024;019.954;021.486;
-000.023;019.978;021.462;
-000.023;020.002;021.438;
-000.023;020.024;021.416;
-000.022;020.046;021.394;
-000.022;020.068;021.372;
-000.022;020.090;021.350;
-000.022;020.112;021.328;
-000.021;020.134;021.306;
-000.021;020.156;021.284;
-000.021;020.178;021.262;
-000.021;020.198;021.242;
-000.020;020.220;021.220;
-000.020;020.240;021.200;
-000.020;020.260;021.180;
-000.019;020.280;021.160;
-000.019;020.298;021.142;
-000.018;020.316;021.124;
-000.017;020.334;021.106;
-000.017;020.350;021.090;
-000.016;020.366;021.074;
-000.015;020.382;021.058;
-000.014;020.394;021.046;
-000.012;020.408;021.032;
-000.011;020.418;021.022;
-000.010;020.428;021.012;
-000.008;020.436;021.004;
-000.007;020.442;020.998;
-000.006;020.448;020.992;
-000.004;020.452;020.988;
-000.003;020.454;020.986;
-000.002;020.456;020.984;
-000.000;020.456;020.984;
000.000;020.454;020.986;
000.001;020.452;020.988;
000.003;020.448;020.992;
000.004;020.442;020.998;
000.005;020.436;021.004;
000.006;020.430;021.010;
000.007;020.422;021.018;
000.008;020.412;021.028;
000.009;020.402;021.038;
000.011;020.390;021.050;
000.013;020.376;021.064;
000.014;020.360;021.080;
000.015;020.344;021.096;
000.015;020.326;021.114;
000.014;020.312;021.128;
000.014;020.298;021.142;
000.013;020.286;021.154;
000.013;020.272;021.168;
000.012;020.260;021.180;
000.012;020.248;021.192;
000.011;020.236;021.204;
000.011;020.226;021.214;
000.011;020.214;021.226;
000.010;020.204;021.236;
000.010;020.192;021.248;
000.010;020.182;021.258;
000.010;020.172;021.268;
000.010;020.162;021.278;
000.010;020.152;021.288;
000.010;020.142;021.298;
000.009;020.132;021.308;
000.009;020.122;021.318;
000.009;020.112;021.328;
000.009;020.104;021.336;
000.009;020.094;021.346;
000.008;020.086;021.354;
000.008;020.078;021.362;
000.007;020.070;021.370;
000.007;020.064;021.376;
000.006;020.056;021.384;
000.006;020.050;021.390;
000.005;020.046;021.394;
000.005;020.040;021.400;
000.004;020.036;021.404;
000.004;020.032;021.408;
000.003;020.030;021.410;
000.003;020.026;021.414;
000.003;020.022;021.418;
000.003;020.018;021.422;
000.003;020.016;021.424;
000.003;020.012;021.428;
000.003;020.008;021.432;
000.003;020.004;021.436;
000.004;020.000;021.440;
000.004;019.996;021.444;
000.004;019.990;021.450;
000.005;019.986;021.454;
000.005;019.980;021.460;
000.005;019.974;021.466;
000.006;019.966;021.474;
000.006;019.960;021.480;
000.006;019.954;021.486;
000.007;019.946;021.494;
000.007;019